1 2
1 5
1 9
2 1
2 8
2 9
3 4
3 5
3 9
4 3
4 9
4 10
5 1
5 3
5 9
6 7
6 9
6 46
7 6
7 8
7 9
8 2
8 7
8 9
9 1
9 2
9 3
9 4
9 5
9 6
9 7
9 8
9 10
9 11
9 12
9 13
9 14
9 15
9 55
9 65
10 4
10 9
10 11
11 9
11 10
11 12
12 9
12 11
12 14
13 9
13 14
13 15
14 9
14 12
14 13
15 9
15 13
15 100
16 17
16 18
16 19
16 20
16 21
16 22
16 23
16 24
16 25
16 26
16 27
16 28
16 29
16 30
16 65
16 77
17 16
17 18
17 27
18 16
18 17
18 19
19 16
19 18
19 20
20 16
20 19
20 21
21 16
21 20
21 22
22 16
22 21
22 23
23 16
23 22
23 24
24 16
24 23
24 25
25 16
25 24
25 28
26 16
26 27
26 29
27 16
27 17
27 26
28 16
28 25
28 72
29 16
29 26
29 30
30 16
30 29
30 62
31 32
31 40
31 209
32 31
32 33
32 40
33 32
33 34
33 40
34 33
34 35
34 40
35 34
35 36
35 40
36 35
36 37
36 40
37 36
37 38
37 40
38 37
38 39
38 40
39 38
39 40
39 41
40 31
40 32
40 33
40 34
40 35
40 36
40 37
40 38
40 39
40 41
40 42
40 43
40 44
40 45
40 55
40 207
41 39
41 40
41 42
42 40
42 41
42 43
43 40
43 42
43 44
44 40
44 43
44 45
45 40
45 44
45 60
46 6
46 49
46 55
47 48
47 55
47 56
48 47
48 49
48 55
49 46
49 48
49 55
50 51
50 55
50 57
51 50
51 52
51 55
52 51
52 53
52 55
53 52
53 54
53 55
54 53
54 55
54 56
55 9
55 40
55 46
55 47
55 48
55 49
55 50
55 51
55 52
55 53
55 54
55 56
55 57
55 58
55 59
55 60
56 47
56 54
56 55
57 50
57 55
57 58
58 55
58 57
58 59
59 55
59 58
59 60
60 45
60 55
60 59
61 62
61 65
61 71
62 30
62 61
62 65
63 64
63 65
63 103
64 63
64 65
64 66
65 9
65 16
65 61
65 62
65 63
65 64
65 66
65 67
65 68
65 69
65 70
65 71
65 100
65 101
65 102
65 103
66 64
66 65
66 67
67 65
67 66
67 68
68 65
68 67
68 69
69 65
69 68
69 70
70 65
70 69
70 71
71 61
71 65
71 70
72 28
72 74
72 77
73 74
73 75
73 77
74 72
74 73
74 77
75 73
75 76
75 77
76 75
76 77
76 78
77 16
77 72
77 73
77 74
77 75
77 76
77 78
77 79
77 80
77 81
77 82
77 83
77 84
77 90
77 214
77 215
78 76
78 77
78 79
79 77
79 78
79 80
80 77
80 79
80 83
81 77
81 82
81 214
82 77
82 81
82 84
83 77
83 80
83 84
84 77
84 82
84 83
85 86
85 89
85 90
86 85
86 90
86 96
87 88
87 90
87 215
88 87
88 90
88 91
89 85
89 90
89 95
90 77
90 85
90 86
90 87
90 88
90 89
90 91
90 92
90 93
90 94
90 95
90 96
90 97
90 98
90 99
90 227
91 88
91 90
91 92
92 90
92 91
92 93
93 90
93 92
93 94
94 90
94 93
94 95
95 89
95 90
95 94
96 86
96 90
96 97
97 90
97 96
97 98
98 90
98 97
98 99
99 90
99 98
99 235
100 15
100 65
100 101
101 65
101 100
101 102
102 65
102 101
102 103
103 63
103 65
103 102
104 105
104 110
104 116
105 104
105 106
105 110
106 105
106 107
106 110
107 106
107 108
107 110
108 107
108 109
108 110
109 108
109 110
109 111
110 104
110 105
110 106
110 107
110 108
110 109
110 111
110 112
110 113
110 114
110 115
110 116
110 157
110 216
110 217
110 246
111 109
111 110
111 112
112 110
112 111
112 216
113 110
113 114
113 156
114 110
114 113
114 115
115 110
115 114
115 116
116 104
116 110
116 115
117 118
117 120
117 289
118 117
118 119
118 120
119 118
119 120
119 129
120 117
120 118
120 119
120 121
120 122
120 123
120 124
120 125
120 126
120 127
120 128
120 129
120 218
120 219
120 292
120 305
121 120
121 122
121 218
122 120
122 121
122 126
123 120
123 124
123 128
124 120
124 123
124 125
125 120
125 124
125 126
126 120
126 122
126 125
127 120
127 128
127 129
128 120
128 123
128 127
129 119
129 120
129 127
130 131
130 132
130 144
131 130
131 132
131 133
132 130
132 131
132 133
132 134
132 135
132 136
132 137
132 138
132 139
132 140
132 141
132 142
132 143
132 144
132 147
132 272
133 131
133 132
133 134
134 132
134 133
134 135
135 132
135 134
135 136
136 132
136 135
136 137
137 132
137 136
137 138
138 132
138 137
138 139
139 132
139 138
139 140
140 132
140 139
140 141
141 132
141 140
141 145
142 132
142 143
142 283
143 132
143 142
143 144
144 130
144 132
144 143
145 141
145 146
145 147
146 145
146 147
146 150
147 9
147 16
147 40
147 55
147 65
147 77
147 90
147 110
147 120
147 132
147 145
147 146
147 148
147 149
147 150
147 151
147 152
147 153
147 154
147 157
147 177
147 193
147 207
147 221
147 227
147 246
147 258
147 272
147 292
147 305
148 147
148 149
148 152
149 147
149 148
149 153
150 146
150 147
150 151